value_init=8.11674
depl_1=8.10673
depl_2=9.10672
buy_1=8.09672
depl_x=8.03661